4294958453 1407
-7583 512
140457431042739 512
140457433305281 281470681751936
140457433302025 512
140457431106325 512
-7388 512
-7553 514
140457433307574 512
140457431043133 512
140732397452990 512
140457431018239 511
140457431022990 511
140732397462666 510
93862991250905 512
-1045 511
5 510
140457431113320 510
-115 510
699 511
2213 140457431029375
140457431051526 140457431029376
140732397462806 140457431029311
140457431148885 140457431029311
140457431032693 541165879932
140457431036875 549755814526
140457427517590 140457431027248
140732397468672 140457431027247
11523 429
140457426943764 398
140457427689901 254
