4295089625 2185
125046 1290
140457431175153 1290
140457433437884 281470681752714
140457433434414 1290
140457431237226 1290
123585 1290
123979 1292
140457433439285 1290
140457431175921 1290
140732397584931 1290
140457431149553 1289
140457431153526 1289
140732397592684 1288
93862991380109 1290
127630 1290
127755 1288
140457431243099 1289
128995 1288
129256 1288
130059 140457431030154
140457431177436 140457431030155
140732397588744 140457431030089
140457431274811 140457431030089
140457431159257 541165880712
140457431163306 549755815304
140457427643440 140457431028027
140732397593486 140457431028025
135125 1206
140457427066549 1175
140457427770504 772
