4295075302 2056
110707 1161
140457431160849 1161
140457433423945 281470681752585
140457433420935 1161
140457431224427 1161
110957 1161
111172 1163
140457433427170 1161
140457431163608 1161
140732397572754 1161
140457431137765 1160
140457431141880 1160
140732397581407 1159
93862991369646 1161
117653 1161
118306 1159
140457431233580 1160
120167 1159
121151 1160
121867 140457431030025
140457431170022 140457431030026
140732397581630 140457431029960
140457431267782 140457431029960
140457431152242 541165880583
140457431156278 549755815175
140457427636459 140457431027898
140732397586706 140457431027896
128673 1077
140457427060598 1046
140457427764777 643
