4295094343 2443
130061 1548
140457431180077 1548
140457433442393 281470681752972
140457433438576 1549
140457431240484 1549
126335 1549
126027 1550
140457433440674 1548
140457431177684 1548
140732397586480 1548
140457431149524 1547
140457431153410 1547
140732397592378 1546
93862991379525 1548
126952 1548
126090 1547
140457431241137 1547
126765 1546
126471 1546
126489 140457431030413
140457431173491 140457431030413
140732397584933 140457431030347
140457431270328 140457431030347
140457431154167 541165880970
140457431158191 549755815562
140457427638445 140457431028285
140732397588132 140457431028283
129591 1464
140457427061027 1433
140457427765317 900
