4294973304 1537
7590 642
140457431058511 642
140457433321652 281470681752066
140457433318706 642
140457431123285 642
9794 642
9565 644
140457433325450 642
140457431061388 642
140732397470658 642
140457431036262 641
140457431041708 641
140732397481890 640
93862991270339 642
18425 641
20045 640
140457431134341 641
20659 640
21065 641
22813 140457431029506
140457431071901 140457431029507
140732397483756 140457431029441
140457431170005 140457431029441
140457431054641 541165880063
140457431059038 549755814656
140457427539728 140457431027378
140732397490871 140457431027377
33841 559
140457426966178 528
140457427712507 384
