4295023517 1797
58811 902
140457431109573 902
140457433372923 281470681752326
140457433370429 902
140457431174900 902
61716 902
62631 904
140457433378890 902
140457431115914 902
140732397525457 902
140457431091134 901
140457431096038 901
140732397535813 900
93862991324640 902
73149 901
73554 900
140457431189428 901
76546 900
77018 901
78775 140457431029766
140457431127529 140457431029767
140732397539662 140457431029701
140457431226378 140457431029701
140457431111760 541165880324
140457431116053 549755814916
140457427596613 140457431027638
140732397547375 140457431027637
90075 818
140457427022230 787
140457427741650 514
