4294953463 1278
-12879 383
140457431036504 383
140457433298688 281470681751807
140457433295118 383
140457431099129 383
-14051 383
-14589 385
140457433300018 383
140457431035443 383
140732397445172 382
140457431009999 382
140457431013988 382
140732397453845 381
93862991241391 383
-10920 382
-10413 381
140457431102837 381
-10792 381
-10463 382
-8805 140457431029246
140457431039813 140457431029247
140732397450469 140457431029182
140457431136114 140457431029182
140457431019536 541165879803
140457431022383 549755814397
140457427502672 140457431027119
140732397453607 140457431027118
-3191 300
140457426928922 269
140457427689901 254
