4295095481 2314
130547 1418
140457431180420 1419
140457433442779 281470681752843
140457433439285 1420
140457431241714 1419
127671 1419
127691 1421
140457433442521 1419
140457431179677 1419
140732397588365 1419
140457431152276 1418
140457431156195 1418
140732397595202 1417
93862991382875 1419
130306 1419
129941 1418
140457431244755 1418
130130 1417
129901 1417
130376 140457431030284
140457431177709 140457431030284
140732397588947 140457431030218
140457431274707 140457431030218
140457431158972 541165880841
140457431162999 549755815433
140457427643122 140457431028156
140732397593046 140457431028154
134887 1335
140457427065950 1304
140457427770504 772
