4294956353 1149
-10498 254
140457431039021 254
140457433301178 281470681751678
140457433296848 254
140457431101070 254
-12252 254
-12702 255
140457433301678 254
140457431036859 254
140732397446654 253
140457431011091 253
140457431014840 253
140732397454407 252
93862991241683 253
-10713 252
-10538 252
140457431102618 252
-11331 252
-10982 253
-9797 140457431029117
140457431038214 140457431029117
140732397448202 140457431029053
140457431133534 140457431029053
140457431016901 541165879674
140457431019573 549755814268
140457427499400 140457431026990
140732397450208 140457431026989
-7300 171
140457426924503 140
140457427684911 125
