4294995864 1667
30558 772
140457431081195 772
140457433344214 281470681752196
140457433341856 772
140457431146724 772
33551 772
34330 774
140457433350376 772
140457431086796 772
140732397495812 772
140457431061491 771
140457431066455 771
140732397506320 770
93862991295594 772
44096 771
45216 770
140457431160446 771
47390 770
47942 771
49631 140457431029636
140457431098463 140457431029637
140732397510575 140457431029571
140457431196970 140457431029571
140457431081856 541165880193
140457431086418 549755814786
140457427567230 140457431027508
140732397518221 140457431027507
61005 688
140457426993189 657
140457427712507 384
