4294961693 1021
-5017 126
140457431044463 126
140457433306795 281470681751550
140457433303852 126
140457431108240 126
-5359 126
-5825 127
140457433308502 125
140457431043628 126
140732397453897 125
140457431017567 125
140457431021076 125
140732397460498 124
93862991247778 125
-5105 124
-5230 124
140457431108241 124
-5207 124
-5374 125
-4842 140457431028989
140457431043647 140457431028989
140732397453588 140457431028925
140457431138172 140457431028925
140457431021299 541165879546
140457431023413 549755814140
140457427502694 140457431026862
140732397453718 140457431026861
-6481 140
140457426924503 140
140457427684911 125
