4295052315 1926
87753 1031
140457431138307 1031
140457433401439 281470681752455
140457433398664 1031
140457431202492 1031
89287 1031
89942 1033
140457433406369 1031
140457431143194 1031
140732397552401 1031
140457431118008 1030
140457431122303 1030
140732397562052 1029
93862991350665 1031
99297 1031
100006 1029
140457431215488 1030
102169 1029
103059 1030
104331 140457431029895
140457431152947 140457431029896
140732397564886 140457431029830
140457431251167 140457431029830
140457431135664 541165880453
140457431139885 549755815045
140457427620472 140457431027767
140732397571319 140457431027766
113504 947
140457427045888 916
140457427764777 643
